4.51
4.58
4.64
4.71
4.78
4.85
4.91
4.98
5.05
5.11
5.18
4.61
4.67
4.74
4.80
4.86
4.93
4.99
5.05
5.12
5.18
5.25
4.90
4.94
4.99
5.03
5.08
5.12
5.16
5.21
5.25
5.30
5.34
5.26
5.29
5.33
5.36
5.40
5.43
5.47
5.50
5.54
5.57
5.61
5.50
5.53
5.57
5.60
5.64
5.67
5.70
5.74
5.77
5.81
5.84
5.68
5.71
5.73
5.76
5.79
5.82
5.84
5.87
5.90
5.92
5.95
5.77
5.80
5.83
5.87
5.90
5.93
5.96
5.99
6.03
6.06
6.09
5.76
5.79
5.83
5.86
5.90
5.93
5.97
6.00
6.04
6.07
6.11
5.52
5.55
5.58
5.61
5.64
5.67
5.70
5.73
5.76
5.79
5.82
5.28
5.31
5.35
5.38
5.42
5.45
5.49
5.52
5.56
5.59
5.63
4.99
5.03
5.07
5.10
5.14
5.18
5.22
5.25
5.29
5.33
5.37
4.73
4.77
4.82
4.86
4.91
4.95
5.00
5.04
5.09
5.13
5.18